0 0.000000000000000000000000000000000000000000000000000000000000
1 0.100000000000000000000000000000000000000000000000000000000000
2 0.539357840802981787532485197881302436857273449701009015505500
3 0.809036761204472681298727796821953655285910174551513523258250
4 0.309036761204472681298727796821953655285910174551513523258250
5 0.981074190219795268254879548310562080489056746118724882027805
6 0.833333333333333333333333333333333333333333333333333333333333
7 0.354017365856802376329264185948796742115824053807373968324184
8 0.882527661964732346425501486979669075182867844268052119663791
9 0.642615758240322548157075497020439535959501736363212695909875
10 0.357384241759677451842924502979560464040498263636787304090125
11 0.117472338035267653574498513020330924817132155731947880336209
12 0.833333333333333333333333333333333333333333333333333333333333
13 0.309036761204472681298727796821953655285910174551513523258250
14 0.539357840802981787532485197881302436857273449701009015505500
15 0.100000000000000000000000000000000000000000000000000000000000
16 1.00000000000000000000000000000000000000000000000000000000000