0 0.0333333333333333333333333333333333333333333333333333333333333
1 0.0250000000000000000000000000000000000000000000000000000000000
2 0.0333333333333333333333333333333333333333333333333333333333333
3 0.000000000000000000000000000000000000000000000000000000000000
4 0.0500000000000000000000000000000000000000000000000000000000000
5 0.000000000000000000000000000000000000000000000000000000000000
6 0.0400000000000000000000000000000000000000000000000000000000000
7 0.000000000000000000000000000000000000000000000000000000000000
8 0.189237478148923490158306404106012326238162346948625830327194
9 0.277429188517743176508360262560654340428504319718040836339472
10 0.277429188517743176508360262560654340428504319718040836339472
11 0.189237478148923490158306404106012326238162346948625830327194
12 -0.0400000000000000000000000000000000000000000000000000000000000
13 -0.0500000000000000000000000000000000000000000000000000000000000
14 -0.0333333333333333333333333333333333333333333333333333333333333
15 -0.0250000000000000000000000000000000000000000000000000000000000
16 0.0333333333333333333333333333333333333333333333333333333333333